usse these coordinates for nodes and give the script:
16300.00 11754.30
16544.70 11758.60
16808.20 11771.00
17061.50 11758.90
17322.60 11763.10
17580.50 11758.50
17843.90 11759.10
18104.60 11759.90
18367.90 11759.10
18625.80 11756.60
18893.90 11754.60
19145.60 11761.40
19415.90 11760.90
19661.30 11761.10
19912.40 11761.30
20175.60 11756.10
20438.30 11758.90
20692.20 11756.30
20963.30 11760.60
21221.30 11757.70
21487.60 11760.40
21750.70 11760.30
22010.10 11763.30
22274.00 11759.60
22538.20 11761.20
22801.90 11760.40
23065.50 11758.90
23327.60 11757.60
23593.80 11757.80
23857.90 11759.50
24123.30 11760.40
24387.20 11759.20
24650.30 11759.90
24916.60 11759.20
25180.60 11757.10
25443.70 11757.60
25709.60 11757.10
25972.60 11761.80
26238.20 11757.70
26503.20 11759.80
26766.80 11760.00
27032.90 11760.20
27298.30 11758.40
27564.20 11759.40
27828.30 11759.90
28091.90 11758.40
28356.00 11757.90
28621.90 11760.50
28884.60 11760.80
29149.00 11758.90
29413.50 11757.30
29679.40 11760.10
29943.40 11759.30
30208.40 11760.20
30473.00 11758.60
30735.20 11760.90
31000.20 11759.00
31266.40 11760.60
31529.50 11760.20
31794.70 11758.20
32058.20 11760.30
32322.90 11758.90
32588.80 11760.60
32853.90 11760.50
33116.90 11760.40
33381.40 11758.30
33647.30 11759.10